  0    -25.05      1.81
  1     28.02     22.28
  2    -10.17     20.92
  3    -10.23     25.01
  4     25.05     31.10
  5     -7.05     22.56
  6      1.42      2.03
  7      7.99     17.09
  8    -15.21     40.24
  9      2.94     13.70
 10    -24.39     40.38
 11    -20.97     47.81
 12      9.89     28.08
 13      2.54     43.85
 14     27.25     45.95
 15     30.66     28.04
 16     -8.43      8.61
 17     20.45     11.68
 18      2.33     27.48
 19      3.70     30.96
 20      9.96     33.61
 21    -13.06     26.30
 22     45.89      5.12
 23    -25.42     16.84
 24     38.33     35.92
 25     -5.34     25.82
 26     27.08     14.26
 27     10.18     38.46
 28     36.03     12.63
 29     25.78     26.81
 30      9.40     25.74
 31     27.88      5.65
 32    -12.09     29.25
 33     28.14     38.99
 34    -26.25     20.14
 35     13.56     49.55
 36     28.03     39.12
 37     43.26     42.46
 38    -17.72     16.33
 39     -9.63     40.07
 40      5.49     24.38
 41     29.16     36.89
 42     -9.34     17.03
 43     31.17     22.37
 44     30.21     27.32
 45      0.52     34.74
 46    -23.24     46.51
 47    -12.73      0.51
 48     36.39      3.88
 49      9.28     33.19
